12.430000114440919
19.47000036239624
25.490000343322755
33.21000051498413
36.46000099182129
41.69000091552734
44.89000129699707
47.99000091552735
50.84000110626221
55.54000034332275
59.18000087738037
61.68000087738037
62.17000102996826
63.400000953674315
63.85000133514404
65.83000202178955
67.23000164031983
67.03000144958496
68.9000015258789
69.07000160217285
67.38000144958497
70.1900016784668
69.68000183105468
71.66000175476074
71.23000144958496
71.77000160217285
72.97000122070312
73.26000213623047
72.61000213623046
73.46000175476074
74.67000122070313
74.59000205993652
74.54000205993653
75.44000205993652
75.00000114440918
75.68000183105468
75.14000129699707
76.16000099182129
75.8700023651123
76.90000114440917
77.07000198364258
76.8900016784668
77.4400016784668
77.47000236511231
77.63000144958497
77.78000144958496
78.01000099182129
78.19000205993652
78.85000190734863
78.56000137329102
