10.800000143051147
15.460000371932983
17.72000045776367
25.280000305175783
30.76000061035156
38.07000102996826
38.52000122070312
46.830000686645505
48.290000915527344
49.42000102996826
55.19000091552734
57.900000762939456
58.930000686645506
60.030000877380374
62.800001525878905
64.13000144958497
65.34000167846679
66.30000171661376
66.63000183105468
68.09000167846679
67.68000106811523
68.98000221252441
69.24000091552735
69.21000213623047
70.48000144958496
70.66000137329101
71.39000015258789
71.74000129699706
72.35000076293946
72.53000106811524
72.90000190734864
73.17000198364258
73.53000144958496
73.88000183105468
74.47000122070312
74.17000122070313
73.80000190734863
74.8100025177002
75.50000228881837
76.44000091552735
76.04000091552734
76.64000205993652
77.08000183105469
77.30000152587891
77.82000122070312
77.73000144958496
77.6200008392334
78.38000183105468
78.59000167846679
78.42000122070313
