12.150000143051148
19.17000017166138
24.540000343322752
32.44000072479248
36.35000076293945
42.69000053405762
46.33000106811524
47.29000110626221
49.21000099182129
55.95000076293945
58.42000064849854
61.150000381469724
62.96000099182129
64.3800012588501
65.50000190734863
66.53000202178956
66.71000251770019
68.15000228881836
68.79000205993653
69.52000160217285
65.920001411438
69.80000152587891
70.01000061035157
71.42000122070313
71.13000106811523
71.67000236511231
72.63000144958497
73.76000289916992
73.07000198364258
73.77000122070312
73.93000144958496
74.66000099182129
75.30000152587891
75.22000160217286
75.41000213623047
75.81000175476075
75.52000198364257
76.7500015258789
76.27000122070312
76.41000251770019
76.77000198364257
77.26000022888184
77.23000106811523
77.1100009918213
77.96000137329102
77.95000114440919
77.8900016784668
78.62000122070313
78.22000198364258
78.64000129699707
