6.500000047683716
11.240000224113464
12.780000162124633
19.280000495910645
18.72000045776367
28.13000030517578
32.98000078201294
37.960000610351564
39.88000087738037
38.220000648498534
47.9600004196167
49.26000061035156
55.5700008392334
54.39000072479248
58.130001068115234
61.32000102996826
61.82000045776367
62.62000141143799
58.9700008392334
65.05000152587891
64.86000175476075
65.29000244140624
68.35000114440918
69.4000015258789
70.09000244140626
70.84000167846679
71.74000091552735
72.46000099182129
71.9000015258789
73.34000167846679
72.92000160217285
74.38000183105468
74.87000160217285
74.70000190734864
75.42000122070313
76.10000152587891
75.21000251770019
76.11000137329101
76.80000152587891
76.88000106811523
77.16000099182129
76.80000190734863
77.7500015258789
77.56000137329102
78.50000190734863
78.1300006866455
78.6200023651123
78.19000244140625
78.50000114440918
78.68000144958496
