12.68000020980835
19.26000032424927
26.0100004196167
28.62000036239624
31.950000858306886
43.00000076293945
47.5300012588501
51.39000072479248
52.51000061035156
53.78000049591064
57.39000053405762
58.39000072479248
60.56000099182129
62.980001258850095
63.59000186920166
66.38000240325928
66.3400011062622
66.22000141143799
68.0200008392334
67.1800012588501
67.50000114440918
69.59000091552734
69.79000244140624
70.45000076293945
70.95000076293945
71.96000213623047
71.59000129699707
72.72000122070312
73.29000205993653
73.1100009918213
73.42000160217285
74.34000091552734
74.07000160217285
74.64000205993652
75.20000190734864
75.51000099182129
74.66000175476074
76.33000183105469
76.17000122070313
76.06000213623047
77.12000122070313
76.78000259399414
77.37000198364258
77.15000190734864
77.48000144958496
77.82000122070312
78.41000175476074
77.75000228881837
77.80000152587891
78.2500015258789
