29.86666774749756
48.03333409627279
53.866668065389
58.73333485921224
64.10000228881836
63.533334732055664
72.20000330607097
77.90000279744466
82.00000127156575
85.43333562215169
83.733336130778
86.16666920979817
87.03333536783855
87.16666793823242
87.33333587646484
87.90000279744466
88.3333346048991
88.76666768391927
90.13333511352539
90.93333435058594
91.40000279744466
91.53333536783855
92.23333358764648
93.10000228881836
93.56666819254558
93.7000020345052
94.10000101725261
94.40000025431316
94.10000101725261
94.86666742960612
94.13333511352539
94.30000178019206
93.90000025431316
94.9000015258789
94.76666768391927
95.03333536783855
94.60000228881836
94.80000178019206
95.00000127156575
95.13333384195964
95.13333511352539
95.2000020345052
94.53333282470703
95.20000076293945
95.30000178019206
95.93333562215169
95.36666870117188
95.56666946411133
95.93333562215169
95.86666870117188
