35.1333335240682
50.33333396911621
60.56666819254557
68.60000165303548
72.40000025431316
74.00000254313152
77.03333536783855
78.66666793823242
82.16666920979817
82.86666742960612
81.10000228881836
84.93333435058594
85.8333346048991
87.8333346048991
86.96666844685872
89.46666971842448
88.06666946411133
89.73333485921223
90.43333562215169
91.20000076293945
91.0
91.10000101725261
92.03333409627278
91.70000076293945
92.73333485921223
93.10000228881836
93.50000127156575
94.06666819254558
93.10000101725261
93.3333346048991
94.233336130778
94.03333409627278
94.53333536783855
94.56666819254558
94.23333485921223
94.733336130778
95.13333511352539
94.40000279744466
94.93333435058594
94.96666844685872
95.03333536783855
94.76666768391927
94.50000254313152
95.23333485921223
95.8000005086263
95.46666971842448
95.4000015258789
95.86666870117188
95.86666742960612
95.76666768391927
