28.233333746592205
43.96666749318441
50.56666882832845
60.70000139872233
69.3000005086263
74.60000101725261
78.00000254313152
80.86666742960612
83.56666819254558
85.66666793823242
85.0333366394043
87.86666870117188
88.03333536783855
88.60000228881836
90.53333536783855
91.26666768391927
91.43333435058594
91.96666717529297
92.5
92.36666742960612
92.63333511352539
92.4000015258789
92.86666870117188
93.46666717529297
93.63333638509114
93.73333358764648
93.66666793823242
93.83333587646484
94.66667048136394
95.13333511352539
94.733336130778
95.03333409627278
94.06666692097981
95.00000127156575
94.73333358764648
95.63333638509114
95.06666946411133
95.10000228881836
94.93333435058594
95.7000020345052
95.43333435058594
95.36666742960612
94.26666895548503
95.63333511352539
95.46666971842448
95.8000005086263
95.96666844685872
95.80000178019206
96.10000101725261
96.06666819254558
