34.96666717529297
49.66666730244955
58.16666730244955
65.40000089009602
69.7000020345052
75.00000127156575
78.7000020345052
80.00000127156575
82.10000356038411
84.10000101725261
82.66666793823242
86.60000228881836
88.16666920979817
88.73333485921223
88.93333562215169
89.60000101725261
90.73333485921223
90.73333358764648
91.40000279744466
91.60000228881836
92.06666692097981
90.60000101725261
92.53333536783855
93.36666742960612
93.43333307902019
93.63333511352539
94.23333485921223
93.76666768391927
94.46666844685872
94.43333435058594
95.00000254313152
94.30000178019206
94.23333485921223
94.50000127156575
95.06666946411133
95.30000178019206
94.733336130778
95.16666920979817
95.36666870117188
95.30000178019206
95.2000020345052
94.86666742960612
95.233336130778
95.73333358764648
95.63333384195964
96.03333409627278
95.43333562215169
95.96666844685872
95.66666920979817
95.86666742960612
