36.60000038146973
51.43333498636881
61.40000089009603
67.06666692097981
71.93333435058594
75.7000020345052
77.23333485921223
78.8333346048991
80.4000015258789
82.96666844685872
80.66666793823242
84.56666819254558
86.53333536783855
86.76666768391927
88.46666717529297
89.60000228881836
88.2000020345052
89.40000279744466
89.76667022705078
91.20000076293945
91.06666946411133
90.70000076293945
91.93333435058594
91.76666895548503
92.86666870117188
93.03333409627278
93.3000005086263
93.9000015258789
93.36666997273763
93.73333485921223
93.9000015258789
93.93333562215169
94.20000076293945
94.33333587646484
94.36666870117188
95.03333409627278
94.96666844685872
94.9000015258789
94.73333485921223
95.30000178019206
95.43333435058594
94.86666870117188
94.36666997273763
95.50000127156575
95.63333511352539
95.50000254313152
95.83333587646484
95.7000020345052
95.73333358764648
96.03333536783855
