19.533333857854206
33.76666736602783
44.000000953674316
48.566667556762695
56.866668701171875
60.20000139872233
62.200002670288086
68.06666882832845
68.26666768391927
77.26666768391927
72.5
77.96666717529297
82.93333562215169
83.86666870117188
83.73333485921223
84.53333536783855
88.16666793823242
88.56666692097981
90.46666971842448
90.53333536783855
91.60000228881836
91.66666793823242
92.3000005086263
93.26666768391927
92.86666742960612
93.26666768391927
93.7000020345052
93.43333562215169
94.43333562215169
94.43333435058594
93.93333562215169
94.60000101725261
94.83333587646484
95.30000178019206
95.06666946411133
95.66666793823242
94.83333333333333
96.00000254313152
95.60000101725261
95.8000005086263
95.20000076293945
95.53333536783855
95.16666920979817
95.60000228881836
96.03333536783855
95.9000015258789
95.53333536783855
95.8000005086263
96.03333536783855
96.10000228881836
