32.633334477742515
49.63333384195963
56.36666742960612
66.93333498636882
69.26666895548503
76.36666742960612
77.8000005086263
80.40000279744466
80.86666870117188
83.70000076293945
81.43333562215169
83.03333409627278
84.60000228881836
86.4000015258789
86.93333689371745
88.56666946411133
89.9000015258789
90.63333384195964
91.03333409627278
90.3000005086263
91.06666819254558
91.00000254313152
92.16666793823242
92.83333587646484
92.2000020345052
92.3333346048991
92.83333587646484
93.73333358764648
92.93333562215169
93.03333536783855
94.13333384195964
94.40000279744466
93.53333409627278
94.23333485921223
94.60000228881836
94.7000020345052
94.23333358764648
94.63333511352539
95.36666742960612
95.23333485921223
95.53333536783855
95.4000015258789
94.66666793823242
95.3333346048991
95.30000178019206
95.50000127156575
96.233336130778
95.86666742960612
96.0
95.9000015258789
