RAND
12.68000021
19.26000032
26.01000042
28.62000036
31.95000086
43.00000076
47.53000126
51.39000072
52.51000061
53.7800005
57.39000053
58.39000072
60.56000099
62.98000126
63.59000187
66.3800024
66.34000111
66.22000141
68.02000084
67.18000126
67.50000114
69.59000092
69.79000244
70.45000076
70.95000076
71.96000214
71.5900013
72.72000122
73.29000206
73.11000099
73.4200016
74.34000092
74.0700016
74.64000206
75.20000191
75.51000099
74.66000175
76.33000183
76.17000122
76.06000214
77.12000122
76.78000259
77.37000198
77.15000191
77.48000145
77.82000122
78.41000175
77.75000229
77.80000153
78.7
Margin
6.500000048
11.24000022
12.78000016
19.2800005
18.72000046
28.13000031
32.98000078
37.96000061
39.88000088
38.22000065
47.96000042
49.26000061
55.57000084
54.39000072
58.13000107
61.32000103
61.82000046
62.62000141
58.97000084
65.05000153
64.86000175
65.29000244
68.35000114
69.40000153
70.09000244
70.84000168
71.74000092
72.46000099
71.90000153
73.34000168
72.9200016
74.38000183
74.8700016
74.70000191
75.42000122
76.10000153
75.21000252
76.11000137
76.80000153
76.88000107
77.16000099
76.80000191
77.75000153
77.56000137
78.50000191
78.13000069
78.62000237
78.19000244
78.50000114
78.7
Forgetting
14.25000019
21.37000046
25.66000013
33.49000053
35.37000103
42.19000111
45.32000046
50.91000099
53.74000092
54.65000076
58.49000053
60.9800005
61.11000061
63.61000099
64.59000149
65.68000088
66.54000225
66.93000145
68.45000153
68.5900013
68.44000206
70.95000229
70.36000061
70.43000183
71.4900013
71.92000122
72.73000183
73.0200016
73.64000092
73.66000137
74.06000137
74.19000206
74.42000084
75.24000168
75.50000191
75.39000092
75.40000114
75.77000084
76.72000122
76.12000084
76.26000137
77.36000099
77.05000191
77.53000069
76.90000191
77.69000206
78.11000175
78.33000069
78.6400013
78.7
GraNd
10.80000014
15.46000037
17.72000046
25.28000031
30.76000061
38.07000103
38.52000122
46.83000069
48.29000092
49.42000103
55.19000092
57.90000076
58.93000069
60.03000088
62.80000153
64.13000145
65.34000168
66.30000172
66.63000183
68.09000168
67.68000107
68.98000221
69.24000092
69.21000214
70.48000145
70.66000137
71.39000015
71.7400013
72.35000076
72.53000107
72.90000191
73.17000198
73.53000145
73.88000183
74.47000122
74.17000122
73.80000191
74.81000252
75.50000229
76.44000092
76.04000092
76.64000206
77.08000183
77.30000153
77.82000122
77.73000145
77.62000084
78.38000183
78.59000168
78.7
kCenterGreedy
12.43000021
17.14000039
25.37000027
30.89000044
33.9
40.4
48.2
53.3
55.0
56.2
58.3
60.5
62.7
64.8
64.5
66.3
67.4
67.7
69.3
69.8
68.5
70.3
71.3
72.1
72.1
72.7
73.1
73.5
74.1
74.3
74.2
74.9
75.1
75.5
75.8
76.3
75.5
76.6
76.8
77.2
77.5
77.6
77.8
78.1
77.8
77.7
78.5
78.6
78.7
78.7
GraphCut
12.15000014
19.17000017
24.54000034
32.44000072
36.4
42.7
46.3
47.3
49.2
56.0
58.4
61.2
63.0
64.4
65.5
66.5
66.7
68.2
68.8
69.5
65.9
69.8
70.0
71.4
71.1
71.7
72.6
73.8
73.1
73.8
73.9
74.7
75.3
75.2
75.4
75.8
75.5
76.8
76.3
76.4
76.8
77.3
77.2
77.1
78.0
78.0
77.9
78.6
78.2
78.6
Glister
12.43000011
19.47000036
25.49000034
33.21000051
36.46000099
41.69000092
44.8900013
47.99000092
50.84000111
55.54000034
59.18000088
61.68000088
62.17000103
63.40000095
63.85000134
65.83000202
67.23000164
67.03000145
68.90000153
69.0700016
67.38000145
70.19000168
69.68000183
71.66000175
71.23000145
71.7700016
72.97000122
73.26000214
72.61000214
73.46000175
74.67000122
74.59000206
74.54000206
75.44000206
75.00000114
75.68000183
75.1400013
76.16000099
75.87000237
76.90000114
77.07000198
76.89000168
77.44000168
77.47000237
77.63000145
77.78000145
78.01000099
78.19000206
78.85000191
78.7
AL(Margin)
13.34000015
20.74000034
25.82000046
27.64000034
36.08000088
44.04000092
48.76000042
51.74000072
55.97000065
57.29000053
60.21000118
60.82000084
62.96000175
64.24000092
65.98000126
67.65000114
68.13000183
68.4700016
70.1700016
70.35000229
69.03000183
71.80000153
72.04000092
73.51000214
73.60000191
74.28000221
74.89000168
75.35000191
74.8900013
76.07000122
75.8200016
76.5200016
77.30000191
76.92000122
77.27000122
77.07000198
77.59000168
78.03000145
77.76000175
77.82000046
78.10000114
77.60000114
78.21000214
78.5700016
78.50000198
78.1200016
78.41000214
78.29000168
78.52000122
78.7