RAND
47.28000088
62.0400013
71.71000061
76.45000114
78.44000168
83.2200016
85.21000214
87.38000183
87.81000137
88.13000145
89.08000145
89.43000145
89.25000114
90.60000191
90.95000038
91.16000175
91.71000137
91.96000175
91.82000084
91.88000221
92.36000252
93.15000305
93.13000183
93.25000267
93.17000198
93.52000122
93.33000183
93.89000092
93.80000191
94.26000137
94.24000168
94.15000153
94.54000206
94.69000092
94.69000092
94.55000114
94.68000183
94.59000206
94.6900013
94.77000084
94.99000168
94.5700016
94.88000107
94.93000183
94.92000122
95.27000237
95.08000145
95.52000122
95.27000084
95.5
LeastCONF
33.77000113
43.38000107
49.33000088
63.31000137
73.18000107
75.28000183
79.42000237
84.83000145
84.73000183
85.45000038
88.16000214
88.9200016
89.86000252
91.5700016
91.26000175
92.03000145
92.7200016
92.79000053
92.92000198
93.55000229
93.77000198
94.01000137
94.00000114
94.53000145
94.49000168
94.37000046
94.5200016
94.65000229
95.03000107
94.85000191
95.09000092
95.05000153
95.31000175
95.1200016
95.13000183
95.31000175
94.91000175
95.36000061
95.03000145
95.3700016
95.59000206
95.29000168
95.26000137
95.23000145
95.12000122
95.37000122
95.29000206
95.48000107
95.05000114
95.5
Forgetting
41.63000069
54.77000103
55.22000046
71.72000198
78.96000214
81.45000076
85.41000175
87.30000114
88.88000183
89.84000168
90.53000221
91.13000183
91.03000069
92.08000221
92.30000114
92.5900013
92.99000168
93.21000214
93.07000198
93.55000191
93.32000122
93.59000206
93.71000214
94.08000183
93.83000183
94.13000183
94.40000153
94.44000244
94.48000183
94.60000191
94.71000099
94.93000069
94.65000153
94.71000137
94.99000244
94.85000191
94.66000099
94.93000183
95.00000191
95.01000137
94.89000244
94.81000214
95.38000183
95.20000229
94.8700016
95.25000153
95.23000145
95.53000145
95.13000145
95.5
GraNd
36.2300005
45.10000076
50.82000046
63.15000134
75.45000191
80.47000122
83.37000084
85.01000099
87.28000259
88.59000206
89.24000168
90.93000145
91.25000076
91.62000198
92.43000145
92.28000107
92.89000168
92.60000153
93.14000244
93.28000107
93.33000107
93.66000214
94.08000145
94.11000214
94.15000153
94.16000175
94.32000237
94.18000145
94.17000122
94.59000244
94.61000214
94.81000137
94.85000229
94.92000275
94.96000099
95.03000221
94.88000145
95.12000122
95.19000244
94.96000099
95.31000175
95.3400013
95.33000183
95.3900013
94.8900013
95.40000191
95.10000153
95.50000114
95.04000206
95.5
kCenterGreedy
42.33000069
51.41000099
60.51000061
70.5400013
75.22000198
75.15000114
82.4400013
79.88000183
84.93000145
87.2600029
88.55000153
89.08000145
89.8400013
89.79000092
91.19000168
91.7200016
91.26000137
92.10000229
92.42000046
92.24000168
91.98000221
93.18000221
93.05000114
93.18000145
93.75000114
93.09000168
94.00000153
93.65000076
94.04000168
94.19000168
94.46000214
94.37000198
94.6700016
94.57000237
94.40000114
94.69000168
94.26000023
94.78000107
95.08000183
95.09000168
94.93000145
94.98000221
95.31000137
95.2900013
95.21000099
95.40000229
95.1700016
95.28000107
95.43000145
95.5
GraphCut
48.23000069
56.23000069
60.89000092
73.16000061
74.0200016
80.30000114
82.25000114
83.57000237
86.63000183
86.24000053
86.5400013
88.35000191
89.06000061
89.17000046
90.20000114
90.61000175
91.16000099
90.49000206
91.74000206
91.53000183
91.19000168
92.35000229
92.30000191
92.55000229
92.75000076
92.6900013
93.40000229
93.46000175
93.03000145
93.58000107
94.00000114
93.74000206
93.90000114
94.05000153
94.49000206
94.37000084
94.13000145
94.42000122
94.72000122
94.94000168
94.87000122
94.88000183
95.13000183
95.10000038
95.17000122
95.51000175
95.3700016
94.9900013
95.43000221
95.5
Glister
42.74000111
57.50000076
66.56000156
72.6400013
75.7400013
75.36000137
81.1900013
84.70000114
87.13000145
86.28000069
87.09000168
88.90000153
89.25000076
89.69000244
90.05000191
90.70000153
91.09000168
91.05000153
91.64000206
91.54000206
91.79000168
92.9700016
92.75000153
92.66000175
93.26000175
93.15000153
93.58000183
93.27000122
93.63000107
93.59000168
94.18000221
93.94000244
94.0200016
94.32000122
94.50000076
94.16000175
93.79000092
94.67000198
95.00000114
94.75000153
94.79000092
94.82000237
94.9700016
95.21000137
95.24000206
95.16000175
95.42000198
95.32000122
95.53000107
95.5
AL (Margin)
48.26000061
59.94000111
74.69000092
81.03000183
84.48000183
85.80000267
88.75000114
88.99000206
89.88000145
90.96000137
91.9700016
92.45000153
92.82000122
93.61000137
93.86000137
93.69000092
94.2700016
94.34000168
94.1700016
94.5200016
94.80000153
94.99000244
95.03000183
94.96000214
95.30000153
94.90000076
94.89000168
95.11000099
95.11000175
95.32000084
95.3700016
95.16000252
95.25000114
94.97000084
95.41000145
95.25000191
95.00000153
95.35000153
94.96000137
95.44000153
95.37000084
95.16000214
95.28000221
95.22000198
95.49000099
95.45000076
95.12000198
95.22000198
94.93000183
95.5