RAND
32.63
49.63
56.37
66.93
69.27
76.37
77.80
80.40
80.87
83.70
81.43
83.03
84.60
86.40
86.93
88.57
89.90
90.63
91.03
90.30
91.07
91.00
92.17
92.83
92.20
92.33
92.83
93.73
92.93
93.03
94.13
94.40
93.53
94.23
94.60
94.70
94.23
94.63
95.37
95.23
95.53
95.40
94.67
95.33
95.30
95.50
96.23
95.87
96.00
96.1
Margin
19.53
33.77
44.00
48.57
56.87
60.20
62.20
68.07
68.27
77.27
72.50
77.97
82.93
83.87
83.73
84.53
88.17
88.57
90.47
90.53
91.60
91.67
92.30
93.27
92.87
93.27
93.70
93.43
94.43
94.43
93.93
94.60
94.83
95.30
95.07
95.67
94.83
96.00
95.60
95.80
95.20
95.53
95.17
95.60
96.03
95.90
95.53
95.80
96.03
96.10
Forgetting
29.87
48.03
53.87
58.73
64.10
63.53
72.20
77.90
82.00
85.43
83.73
86.17
87.03
87.17
87.33
87.90
88.33
88.77
90.13
90.93
91.40
91.53
92.23
93.10
93.57
93.70
94.10
94.40
94.10
94.87
94.13
94.30
93.90
94.90
94.77
95.03
94.60
94.80
95.00
95.13
95.13
95.20
94.53
95.20
95.30
95.93
95.37
95.57
95.93
96.1
GraNd
28.23
43.97
50.57
60.70
69.30
74.60
78.00
80.87
83.57
85.67
85.03
87.87
88.03
88.60
90.03
91.27
91.43
91.97
92.50
92.37
92.63
92.40
92.87
93.47
93.63
93.73
93.67
93.83
94.67
95.13
94.73
95.03
94.07
95.00
94.73
95.63
95.07
95.10
94.93
95.70
95.43
95.37
94.27
95.63
95.47
95.80
95.97
95.80
96.10
96.1
kCenterGreedy
34.97
49.67
58.17
65.40
69.70
75.00
78.70
80.00
82.10
84.10
82.67
86.60
88.17
88.73
88.93
89.60
90.73
90.73
91.40
91.60
92.07
90.60
92.53
93.37
93.43
93.63
94.23
93.77
94.47
94.43
95.00
94.30
94.23
94.50
95.07
95.30
94.73
95.17
95.37
95.30
95.20
94.87
95.23
95.73
95.63
96.03
95.43
95.97
95.67
96.1
GraphCut
36.60
51.43
61.40
67.07
71.93
75.70
77.23
78.83
80.40
82.97
80.67
84.57
86.53
86.77
88.47
89.60
88.20
89.40
89.77
91.20
91.07
90.70
91.93
91.77
92.87
93.03
93.30
93.90
93.37
93.73
93.90
93.93
94.20
94.33
94.37
95.03
94.97
94.90
94.73
95.30
95.43
94.87
94.37
95.50
95.63
95.50
95.83
95.70
95.73
96.1
Glister
35.13
50.33
60.57
68.60
72.40
74.00
77.03
78.67
82.17
82.87
81.10
84.93
85.83
87.83
86.97
89.47
88.07
89.73
90.43
91.20
91.00
91.10
92.03
91.70
92.73
93.10
93.50
94.07
93.10
93.33
94.23
94.03
94.53
94.57
94.23
94.73
95.13
94.40
94.93
94.97
95.03
94.77
94.50
95.23
95.80
95.47
95.40
95.87
95.87
96.1
AL(Margin)
37.40
48.53
57.97
61.13
70.70
73.93
78.03
79.97
82.23
86.70
84.07
87.30
87.20
88.37
90.10
90.37
91.10
91.33
92.37
93.30
93.83
92.90
92.57
93.53
94.50
94.07
94.70
94.57
94.07
95.10
94.90
95.37
94.97
95.03
95.30
95.13
95.80
95.83
94.67
95.80
95.73
95.40
94.97
95.20
96.00
95.30
95.80
95.77
95.80
96.10