95.31000175476075
95.33000106811524
94.97000122070312
95.48000144958496
95.23000221252441
95.30000190734863
95.11000137329101
94.91000175476074
94.6900016784668
94.92000122070313
94.60000152587891
94.8700008392334
94.85000114440918
94.81000213623047
94.91000099182129
94.39000205993652
94.86000137329101
94.4000015258789
94.58000183105469
94.61000213623046
94.0700023651123
94.41000175476074
94.02000160217285
94.14000205993652
93.35000114440918
93.60000076293946
93.48000144958496
92.85000152587891
92.86000137329101
92.4800018310547
92.11000175476075
92.12000160217285
91.13000183105468
90.9000015258789
90.44000015258788
90.19000091552735
88.40000228881836
88.05000152587891
86.1500015258789
84.67000160217285
82.75000190734863
81.03000106811524
76.68000221252441
70.28000106811524
60.510000991821286
56.80000057220459
44.400000953674315
38.400000762939456
30.490000343322755
