14.250000190734863
21.370000457763673
25.660000133514405
33.490000534057614
35.370001029968265
42.19000110626221
45.32000045776367
50.91000099182129
53.74000091552735
54.650000762939456
58.490000534057614
60.980000495910645
61.11000061035156
63.61000099182129
64.59000148773194
65.68000087738037
66.54000225067139
66.93000144958496
68.4500015258789
68.59000129699707
68.44000205993652
70.95000228881835
70.36000061035156
70.43000183105468
71.49000129699706
71.92000122070313
72.7300018310547
73.02000160217285
73.64000091552734
73.66000137329101
74.06000137329102
74.19000205993652
74.4200008392334
75.2400016784668
75.50000190734863
75.39000091552734
75.40000114440917
75.7700008392334
76.72000122070312
76.1200008392334
76.26000137329102
77.3600009918213
77.05000190734863
77.53000068664551
76.90000190734864
77.69000205993652
78.11000175476075
78.3300006866455
78.64000129699707
78.6500015258789
