95.49000091552735
95.19000129699707
95.16000099182129
95.1900016784668
95.23000221252441
95.50000076293945
95.31000175476075
94.98000144958496
95.19000091552735
95.31000213623047
94.80000190734863
95.16000137329101
94.98000144958496
95.11000137329101
94.95000228881835
94.89000129699707
95.0400016784668
94.52000122070312
94.30000190734863
94.59000129699707
93.9000015258789
94.15000114440917
93.92000160217285
93.7000015258789
93.29000091552734
93.28000068664551
92.59000091552734
92.38000183105468
91.42000160217285
91.21000137329102
90.08000183105469
88.86000137329101
87.8100025177002
87.05000190734863
86.43000221252441
84.66000099182129
82.72000160217286
80.67000236511231
79.0600025177002
77.95000114440919
75.31000289916992
73.51000175476074
70.76000213623047
68.1900016784668
62.65000057220459
60.73000087738037
48.44000034332275
39.960000610351564
31.72000026702881
