12.43000020980835
17.14000039100647
25.370000267028807
30.890000438690187
33.92000036239624
40.41000061035156
48.23000087738037
53.280000877380374
55.00000076293945
56.20000076293945
58.25000057220459
60.45000114440918
62.73000164031983
64.78000087738037
64.54000148773193
66.31000156402588
67.42000179290771
67.67000045776368
69.33000106811524
69.79000129699708
68.45000190734864
70.27000122070312
71.31000175476075
72.14000091552734
72.06000213623047
72.70000190734864
73.05000114440918
73.53000144958496
74.12000122070313
74.34000244140626
74.23000106811523
74.94000129699707
75.10000190734863
75.47000045776367
75.81000061035157
76.27000198364257
75.51000137329102
76.63000183105468
76.7900016784668
77.23000221252441
77.48000144958496
77.58000106811524
77.75000190734863
78.10000076293946
77.7700008392334
77.72000160217286
78.48000144958496
78.56000099182128
78.70000190734864
78.89000244140625
