34.750000667572024
40.44000072479248
46.140000915527345
49.94000053405762
55.99000091552735
58.14000129699707
60.570000648498535
62.74000091552735
64.42000160217285
66.27000064849854
66.85000133514404
67.58000049591064
69.36000175476075
70.66000175476074
71.58000144958496
72.52000198364257
73.77000160217285
77.09000244140626
77.83000144958496
78.54000091552734
81.89000091552734
81.60000152587891
82.25000114440918
84.00000190734863
85.17000160217285
84.84000167846679
86.54000091552734
87.2300018310547
88.00000190734863
88.71000213623047
90.14000091552734
90.94000091552735
90.80000152587891
91.91000213623047
92.30000114440918
92.91000213623047
92.4400016784668
93.4900016784668
93.59000129699707
94.05000152587891
94.34000244140626
94.19000205993652
94.70000228881835
94.93000221252441
95.1400016784668
95.2500015258789
95.13000106811523
95.22000236511231
95.64000205993652
95.47000122070312
