48.23000068664551
56.23000068664551
60.890000915527345
73.16000061035156
74.02000160217285
80.30000114440918
82.25000114440918
83.5700023651123
86.63000183105468
86.24000053405761
86.54000129699708
88.35000190734863
89.06000061035157
89.17000045776368
90.20000114440919
90.61000175476075
91.16000099182129
90.49000205993653
91.74000205993653
91.53000183105469
91.1900016784668
92.35000228881836
92.30000190734863
92.55000228881836
92.75000076293945
92.69000129699707
93.40000228881836
93.46000175476074
93.03000144958496
93.58000106811524
94.00000114440918
93.74000205993653
93.90000114440917
94.05000152587891
94.49000205993653
94.3700008392334
94.13000144958497
94.42000122070313
94.72000122070312
94.9400016784668
94.87000122070313
94.88000183105468
95.13000183105468
95.10000038146973
95.17000122070313
95.51000175476074
95.37000160217285
94.99000129699706
95.43000221252441
95.52000198364257
