95.42000160217285
95.48000030517578
95.47000122070312
95.01000175476074
95.19000129699707
95.29000205993653
95.16000099182129
95.3600025177002
95.41000175476074
95.43000106811523
95.08000144958496
95.22000122070312
95.36000175476075
95.2500015258789
95.32000160217285
95.23000144958496
95.13000221252442
95.06000137329102
95.24000129699706
95.41000137329101
95.1500015258789
95.0200008392334
94.88000183105468
95.09000205993652
94.82000198364258
94.78000068664551
94.80000114440918
94.42000045776368
94.12000160217285
94.34000167846679
93.84000129699707
93.63000144958497
93.65000190734864
92.80000267028808
93.03000183105469
92.62000122070313
91.54000129699708
91.67000122070313
90.66000099182129
89.20000114440919
89.34000167846679
89.48000144958496
87.40000190734864
83.88000106811523
80.13000144958497
73.52000122070312
59.70000076293945
42.5600004196167
34.8700008392334
