26.380000400543214
28.700000381469728
34.640001106262204
41.30000057220459
50.660000801086426
63.0600004196167
68.81000099182128
72.19000205993652
78.81000061035157
80.52000122070312
82.18000144958496
87.09000244140626
89.15000114440917
90.40000228881836
90.83000221252442
91.53000106811524
92.42000198364258
93.52000198364257
93.80000152587891
93.85000152587891
93.71000137329102
94.29000091552734
94.64000091552734
94.87000198364258
94.93000221252441
94.87000122070313
95.07000198364258
95.07000198364258
95.04000129699708
94.93000183105468
95.34000167846679
95.3100025177002
95.46000175476074
95.34000205993652
95.3300006866455
95.34000129699707
95.28000259399414
95.4400016784668
95.13000221252442
95.26000175476074
95.2900016784668
95.31000213623047
95.11000137329101
94.87000122070313
95.33000144958496
95.46000099182129
95.19000129699707
94.92000198364258
95.53000144958496
95.21000137329102
