51.82500123977661 51.55000114440918 52.10000133514404 182 58 0.24166666666666667
54.875001430511475 58.70000171661377 51.05000114440918 359 121 0.2520833333333333
54.65000104904175 57.500000953674316 51.80000114440918 526 194 0.26944444444444443
56.57500171661377 59.750000953674316 53.40000247955322 693 267 0.278125
58.22500038146973 61.35000038146973 55.10000038146973 862 338 0.2816666666666667
55.625001430511475 56.85000133514404 54.400001525878906 1036 404 0.28055555555555556
58.42500114440918 59.90000057220459 56.95000171661377 1216 464 0.2761904761904762
57.05000114440918 61.95000076293945 52.150001525878906 1371 549 0.2859375
57.80000114440918 60.44999980926514 55.15000247955322 1554 606 0.28055555555555556
60.9750018119812 64.40000247955322 57.55000114440918 1726 674 0.2808333333333333
66.00000047683716 71.25000095367432 60.75 1911 729 0.2761363636363636
67.87500095367432 72.50000190734863 63.25 2072 808 0.28055555555555556
67.47500085830688 71.9000015258789 63.05000019073486 2254 866 0.2775641025641026
71.2750015258789 77.75000190734863 64.80000114440918 2427 933 0.27767857142857144
72.27500104904175 79.30000114440918 65.25000095367432 2619 981 0.2725
67.50000095367432 72.30000114440918 62.70000076293945 2801 1039 0.27057291666666666
72.25000095367432 79.10000038146973 65.4000015258789 2979 1101 0.2698529411764706
70.90000200271606 75.45000267028809 66.35000133514404 3158 1162 0.2689814814814815
79.9250020980835 89.05000305175781 70.80000114440918 3357 1203 0.2638157894736842
76.82500171661377 83.60000228881836 70.05000114440918 3536 1264 0.2633333333333333
82.35000324249268 91.85000419616699 72.85000228881836 3732 1308 0.25952380952380955
85.32500267028809 93.05000114440918 77.60000419616699 3926 1354 0.25643939393939397
84.55000114440918 93.45000076293945 75.6500015258789 4126 1394 0.252536231884058
85.42500114440918 93.10000038146973 77.75000190734863 4315 1445 0.2508680555555556
84.67500114440918 93.20000076293945 76.1500015258789 4506 1494 0.249
86.22500228881836 94.45000267028809 78.00000190734863 4710 1530 0.24519230769230768
86.15000247955322 94.25000190734863 78.05000305175781 4906 1574 0.24290123456790125
87.4250020980835 95.10000228881836 79.75000190734863 5103 1617 0.240625
87.4000015258789 95.25000190734863 79.55000114440918 5307 1653 0.2375
86.80000114440918 94.85000228881836 78.75 5516 1684 0.2338888888888889
87.40000247955322 95.10000228881836 79.70000267028809 5725 1715 0.23051075268817203
88.00000286102295 95.10000228881836 80.90000343322754 5944 1736 0.22604166666666667
87.1500015258789 95.25000190734863 79.05000114440918 6144 1776 0.22424242424242424
88.57500267028809 95.95000267028809 81.20000267028809 6359 1801 0.22071078431372548
88.85000228881836 96.55000114440918 81.15000343322754 6568 1832 0.2180952380952381
89.25000286102295 96.45000267028809 82.05000305175781 6792 1848 0.21388888888888888
88.9250020980835 96.10000228881836 81.75000190734863 7012 1868 0.21036036036036035
88.95000267028809 96.00000190734863 81.90000343322754 7232 1888 0.20701754385964913
88.37500190734863 96.20000267028809 80.55000114440918 7457 1903 0.2033119658119658
88.77500247955322 96.70000267028809 80.85000228881836 7672 1928 0.20083333333333334
89.10000133514404 96.00000190734863 82.20000076293945 7902 1938 0.19695121951219513
89.67500114440918 96.75 82.60000228881836 8132 1948 0.19325396825396826
89.4250020980835 97.00000190734863 81.85000228881836 8359 1961 0.19001937984496123
89.50000190734863 96.55000305175781 82.45000076293945 8586 1974 0.18693181818181817
89.45000171661377 96.20000267028809 82.70000076293945 8816 1984 0.1837037037037037
90.02500247955322 96.60000228881836 83.45000267028809 9051 1989 0.18016304347826087
89.77500247955322 96.50000190734863 83.05000305175781 9288 1992 0.17659574468085107
90.00000095367432 96.95000076293945 83.05000114440918 9526 1994 0.17309027777777777
89.45000076293945 96.70000076293945 82.20000076293945 9763 1997 0.16981292517006802
89.20000171661377 96.5 81.90000343322754 10000 2000 0.16666666666666666
