52.77500104904175 50.60000038146973 54.95000171661377 192 48 0.2
51.92500114440918 49.60000133514404 54.250000953674316 382 98 0.20416666666666666
59.325000286102295 64.60000038146973 54.05000019073486 581 139 0.19305555555555556
61.52500009536743 67.54999923706055 55.500000953674316 765 195 0.203125
59.55000066757202 67.55000114440918 51.55000019073486 956 244 0.20333333333333334
61.350000858306885 67.05000019073486 55.650001525878906 1139 301 0.20902777777777778
66.50000095367432 74.55000114440918 58.45000076293945 1325 355 0.2113095238095238
70.65000104904175 77.25000190734863 64.05000019073486 1526 394 0.20520833333333333
69.8500018119812 78.60000228881836 61.10000133514404 1716 444 0.20555555555555555
70.22500228881836 78.60000228881836 61.85000228881836 1921 479 0.19958333333333333
72.2750015258789 81.75 62.80000305175781 2123 517 0.19583333333333333
75.90000200271606 85.55000305175781 66.25000095367432 2318 562 0.1951388888888889
73.95000123977661 83.85000228881836 64.05000019073486 2499 621 0.19903846153846153
75.4750018119812 84.75000190734863 66.20000171661377 2687 673 0.20029761904761906
76.20000219345093 87.05000305175781 65.35000133514404 2875 725 0.2013888888888889
78.37500190734863 88.25000190734863 68.50000190734863 3068 772 0.20104166666666667
78.77500104904175 89.00000190734863 68.55000019073486 3259 821 0.20122549019607844
77.57500171661377 88.00000190734863 67.1500015258789 3452 868 0.20092592592592592
79.52500247955322 90.35000228881836 68.70000267028809 3644 916 0.20087719298245615
79.05000114440918 89.05000114440918 69.05000114440918 3840 960 0.2
81.02499961853027 90.35000038146973 71.69999885559082 4031 1009 0.2001984126984127
83.1750020980835 92.30000305175781 74.05000114440918 4221 1059 0.2005681818181818
83.75000190734863 92.45000267028809 75.05000114440918 4415 1105 0.20018115942028986
83.07500171661377 93.35000228881836 72.80000114440918 4623 1137 0.19739583333333333
83.07500267028809 92.70000267028809 73.45000267028809 4814 1186 0.19766666666666666
83.97500133514404 93.20000076293945 74.75000190734863 5011 1229 0.1969551282051282
84.7750015258789 92.65000343322754 76.89999961853027 5201 1279 0.19737654320987655
84.50000286102295 93.30000305175781 75.70000267028809 5393 1327 0.1974702380952381
85.72500133514404 94.0 77.45000267028809 5597 1363 0.19583333333333333
86.60000133514404 94.60000228881836 78.60000038146973 5789 1411 0.19597222222222221
86.6500015258789 94.35000228881836 78.95000076293945 5976 1464 0.1967741935483871
88.00000190734863 95.30000114440918 80.70000267028809 6173 1507 0.19622395833333334
87.02500057220459 94.5 79.55000114440918 6378 1542 0.1946969696969697
87.5500020980835 95.35000228881836 79.75000190734863 6579 1581 0.19375
87.8000020980835 95.35000038146973 80.25000381469727 6780 1620 0.19285714285714287
88.20000171661377 96.20000076293945 80.20000267028809 6977 1663 0.19247685185185184
87.97500228881836 95.50000190734863 80.45000267028809 7197 1683 0.18952702702702703
88.32500076293945 96.20000076293945 80.45000076293945 7408 1712 0.18771929824561404
88.0500020980835 95.4000015258789 80.70000267028809 7617 1743 0.18621794871794872
89.25000190734863 95.85000228881836 82.6500015258789 7823 1777 0.18510416666666665
89.25000095367432 96.5 82.00000190734863 8037 1803 0.18323170731707317
88.6750020980835 95.35000228881836 82.00000190734863 8247 1833 0.1818452380952381
89.00000190734863 96.35000038146973 81.65000343322754 8462 1858 0.18003875968992247
90.12500286102295 96.60000228881836 83.65000343322754 8681 1879 0.17793560606060607
89.30000114440918 96.80000114440918 81.80000114440918 8899 1901 0.17601851851851852
90.02500057220459 96.5 83.55000114440918 9120 1920 0.17391304347826086
89.60000133514404 96.55000114440918 82.6500015258789 9334 1946 0.1725177304964539
89.72500133514404 96.5 82.95000267028809 9557 1963 0.17039930555555555
89.75000190734863 96.9000015258789 82.60000228881836 9778 1982 0.1685374149659864
89.45000076293945 96.85000038146973 82.05000114440918 10000 2000 0.16666666666666666
