22.700000476837157
28.590000438690186
33.4600004196167
37.20000038146973
54.420000839233396
60.900000381469724
64.72000141143799
77.19000205993652
77.42000160217285
81.80000228881836
85.10000114440918
87.89000129699707
88.4000015258789
89.89000205993652
91.36000213623046
91.93000106811523
92.43000144958496
93.21000175476074
93.62000198364258
93.78000144958496
93.53000106811524
94.5400016784668
94.90000114440917
94.95000114440919
95.1900016784668
94.88000106811523
94.92000274658203
94.9500015258789
95.11000137329101
94.98000106811523
95.17000160217285
94.96000137329102
95.05000152587891
95.40000190734864
95.15000114440917
95.28000144958496
95.0000015258789
95.34000167846679
95.03000183105469
95.32000198364258
95.07000160217285
95.36000137329101
95.0200023651123
95.38000106811523
95.11000137329101
95.21000175476074
95.47000122070312
95.32000160217285
95.35000228881836
95.48000144958496
